lin_vt=0.406088 

sat_vt=0.364735 

sat_ss=60.8785 

Iminsat=1.10283e-16 

Imaxsat=0.00307218 

I0_sat=2.02937e-12 

Ivt_sat=1.73873e-06 

Ivt_Ioff=5.93287 

DIBL=17.2304 

